% Intrinsic and Extrinsic Camera Parameters
%
% This script file can be directly executed under Matlab to recover the camera intrinsic and extrinsic parameters.
% IMPORTANT: This file contains neither the structure of the calibration objects nor the image coordinates of the calibration points.
%            All those complementary variables are saved in the complete matlab data file Calib_Results.mat.
% For more information regarding the calibration model visit http://www.vision.caltech.edu/bouguetj/calib_doc/


%-- Focal length:
fc = [ 2151.842218472543700 ; 2148.619801451760400 ];

%-- Principal point:
cc = [ 803.457214773739570 ; 600.597758173430860 ];

%-- Skew coefficient:
alpha_c = 0.000000000000000;

%-- Distortion coefficients:
kc = [ -0.388800456140829 ; 0.891456690213597 ; 0.000993643778910 ; 0.001673499581825 ; 0.000000000000000 ];

%-- Focal length uncertainty:
fc_error = [ 17.858850470734438 ; 17.676708766563127 ];

%-- Principal point uncertainty:
cc_error = [ 17.451171642675355 ; 16.688188025071582 ];

%-- Skew coefficient uncertainty:
alpha_c_error = 0.000000000000000;

%-- Distortion coefficients uncertainty:
kc_error = [ 0.031118840271258 ; 0.190278429747723 ; 0.001465706433286 ; 0.001307088528131 ; 0.000000000000000 ];

%-- Image size:
nx = 1600;
ny = 1200;


%-- Various other variables (may be ignored if you do not use the Matlab Calibration Toolbox):
%-- Those variables are used to control which intrinsic parameters should be optimized

n_ima = 24;						% Number of calibration images
est_fc = [ 1 ; 1 ];					% Estimation indicator of the two focal variables
est_aspect_ratio = 1;				% Estimation indicator of the aspect ratio fc(2)/fc(1)
center_optim = 1;					% Estimation indicator of the principal point
est_alpha = 0;						% Estimation indicator of the skew coefficient
est_dist = [ 1 ; 1 ; 1 ; 1 ; 0 ];	% Estimation indicator of the distortion coefficients


%-- Extrinsic parameters:
%-- The rotation (omc_kk) and the translation (Tc_kk) vectors for every calibration image and their uncertainties

%-- Image #1:
omc_1 = [ -2.219144e+00 ; -2.220891e+00 ; -1.620785e-02 ];
Tc_1  = [ -1.021410e-01 ; -5.939343e-02 ; 5.296267e-01 ];
omc_error_1 = [ 1.405424e-02 ; 1.459258e-02 ; 3.144438e-02 ];
Tc_error_1  = [ 4.329772e-03 ; 4.162280e-03 ; 5.068579e-03 ];

%-- Image #2:
omc_2 = [ -1.857602e+00 ; -2.250214e+00 ; -3.430228e-01 ];
Tc_2  = [ -1.012046e-01 ; -7.269083e-02 ; 4.358136e-01 ];
omc_error_2 = [ 7.175637e-03 ; 9.874832e-03 ; 1.723043e-02 ];
Tc_error_2  = [ 3.571898e-03 ; 3.457482e-03 ; 4.143715e-03 ];

%-- Image #3:
omc_3 = [ 1.728184e+00 ; 2.023278e+00 ; -5.049507e-01 ];
Tc_3  = [ -1.299739e-01 ; -4.117527e-02 ; 5.086581e-01 ];
omc_error_3 = [ 5.955795e-03 ; 8.760763e-03 ; 1.364292e-02 ];
Tc_error_3  = [ 4.146110e-03 ; 4.024313e-03 ; 4.070287e-03 ];

%-- Image #4:
omc_4 = [ 1.854998e+00 ; 1.698257e+00 ; -7.701330e-01 ];
Tc_4  = [ -9.182685e-02 ; 1.510452e-03 ; 5.033421e-01 ];
omc_error_4 = [ 6.356286e-03 ; 7.759780e-03 ; 1.163820e-02 ];
Tc_error_4  = [ 4.107092e-03 ; 3.934814e-03 ; 3.800555e-03 ];

%-- Image #5:
omc_5 = [ 1.580365e+00 ; 2.054302e+00 ; 4.009637e-01 ];
Tc_5  = [ -1.263231e-02 ; -7.770294e-02 ; 3.917118e-01 ];
omc_error_5 = [ 7.567141e-03 ; 7.399702e-03 ; 1.176020e-02 ];
Tc_error_5  = [ 3.202551e-03 ; 3.060936e-03 ; 3.588207e-03 ];

%-- Image #6:
omc_6 = [ -2.225074e+00 ; -1.966554e+00 ; 4.174451e-01 ];
Tc_6  = [ -7.146128e-02 ; -6.892386e-02 ; 4.902891e-01 ];
omc_error_6 = [ 9.348438e-03 ; 7.922535e-03 ; 1.858971e-02 ];
Tc_error_6  = [ 4.004690e-03 ; 3.809141e-03 ; 3.960082e-03 ];

%-- Image #7:
omc_7 = [ -2.239272e+00 ; -2.057222e+00 ; -6.618870e-01 ];
Tc_7  = [ -3.005331e-02 ; -8.499460e-02 ; 4.106677e-01 ];
omc_error_7 = [ 6.373009e-03 ; 8.957116e-03 ; 1.606131e-02 ];
Tc_error_7  = [ 3.408201e-03 ; 3.223596e-03 ; 4.020475e-03 ];

%-- Image #8:
omc_8 = [ -2.060189e+00 ; -1.919414e+00 ; -4.043660e-01 ];
Tc_8  = [ -1.461203e-01 ; -9.583160e-02 ; 4.060282e-01 ];
omc_error_8 = [ 8.028239e-03 ; 7.936506e-03 ; 1.485401e-02 ];
Tc_error_8  = [ 3.384476e-03 ; 3.321172e-03 ; 3.921224e-03 ];

%-- Image #9:
omc_9 = [ 1.874311e+00 ; 2.064718e+00 ; 4.008596e-01 ];
Tc_9  = [ -1.238756e-01 ; -1.030766e-01 ; 4.118454e-01 ];
omc_error_9 = [ 7.683569e-03 ; 8.636741e-03 ; 1.484515e-02 ];
Tc_error_9  = [ 3.490948e-03 ; 3.299508e-03 ; 3.956603e-03 ];

%-- Image #10:
omc_10 = [ -1.976509e+00 ; -1.995023e+00 ; 5.258749e-01 ];
Tc_10  = [ -1.493453e-01 ; -1.081661e-01 ; 5.190704e-01 ];
omc_error_10 = [ 9.046867e-03 ; 6.495629e-03 ; 1.430157e-02 ];
Tc_error_10  = [ 4.322088e-03 ; 4.140561e-03 ; 4.175720e-03 ];

%-- Image #11:
omc_11 = [ -1.917267e+00 ; -1.861431e+00 ; -1.452259e-01 ];
Tc_11  = [ -1.621174e-01 ; -8.903236e-02 ; 4.514183e-01 ];
omc_error_11 = [ 7.767544e-03 ; 7.513358e-03 ; 1.347385e-02 ];
Tc_error_11  = [ 3.716161e-03 ; 3.634413e-03 ; 4.113963e-03 ];

%-- Image #12:
omc_12 = [ 1.919381e+00 ; 1.944741e+00 ; -5.436546e-01 ];
Tc_12  = [ -1.135820e-01 ; -4.650357e-02 ; 5.076983e-01 ];
omc_error_12 = [ 6.635419e-03 ; 8.630516e-03 ; 1.408983e-02 ];
Tc_error_12  = [ 4.148454e-03 ; 3.996130e-03 ; 4.043462e-03 ];

%-- Image #13:
omc_13 = [ 2.312739e+00 ; 1.532066e+00 ; -6.209545e-01 ];
Tc_13  = [ -1.014045e-01 ; -8.736954e-03 ; 5.048588e-01 ];
omc_error_13 = [ 8.129455e-03 ; 7.415972e-03 ; 1.411085e-02 ];
Tc_error_13  = [ 4.131109e-03 ; 3.939065e-03 ; 4.013482e-03 ];

%-- Image #14:
omc_14 = [ 1.916567e+00 ; 2.272681e+00 ; 1.269541e-01 ];
Tc_14  = [ -1.077965e-01 ; -1.011939e-01 ; 4.613008e-01 ];
omc_error_14 = [ 9.387732e-03 ; 1.200539e-02 ; 2.149054e-02 ];
Tc_error_14  = [ 3.812452e-03 ; 3.653952e-03 ; 4.315972e-03 ];

%-- Image #15:
omc_15 = [ -2.040565e+00 ; -1.947718e+00 ; 4.346199e-01 ];
Tc_15  = [ -1.147877e-01 ; -5.525781e-02 ; 5.083665e-01 ];
omc_error_15 = [ 8.567401e-03 ; 7.471301e-03 ; 1.526264e-02 ];
Tc_error_15  = [ 4.169299e-03 ; 4.000702e-03 ; 3.998461e-03 ];

%-- Image #16:
omc_16 = [ -2.223762e+00 ; -2.208751e+00 ; -2.590596e-02 ];
Tc_16  = [ -8.062212e-02 ; -4.497105e-02 ; 5.295097e-01 ];
omc_error_16 = [ 1.311950e-02 ; 1.448799e-02 ; 3.000620e-02 ];
Tc_error_16  = [ 4.325790e-03 ; 4.146570e-03 ; 5.072936e-03 ];

%-- Image #17:
omc_17 = [ -2.174527e+00 ; -1.839468e+00 ; 2.851302e-01 ];
Tc_17  = [ -1.543153e-01 ; -3.609881e-02 ; 5.138193e-01 ];
omc_error_17 = [ 9.113941e-03 ; 7.361677e-03 ; 1.640262e-02 ];
Tc_error_17  = [ 4.225193e-03 ; 4.081364e-03 ; 4.245945e-03 ];

%-- Image #18:
omc_18 = [ 2.140665e+00 ; 1.922356e+00 ; -6.344544e-01 ];
Tc_18  = [ -1.355127e-01 ; -2.436426e-02 ; 5.075080e-01 ];
omc_error_18 = [ 7.014897e-03 ; 8.608535e-03 ; 1.515668e-02 ];
Tc_error_18  = [ 4.145322e-03 ; 4.013812e-03 ; 4.018124e-03 ];

%-- Image #19:
omc_19 = [ 1.679809e+00 ; 2.408433e+00 ; 3.734871e-01 ];
Tc_19  = [ -2.539708e-02 ; -9.101542e-02 ; 4.369590e-01 ];
omc_error_19 = [ 8.100267e-03 ; 9.311543e-03 ; 1.628733e-02 ];
Tc_error_19  = [ 3.575894e-03 ; 3.423945e-03 ; 4.095265e-03 ];

%-- Image #20:
omc_20 = [ 2.426302e+00 ; 1.895481e+00 ; -4.803951e-01 ];
Tc_20  = [ -9.976409e-02 ; -3.239355e-02 ; 4.925586e-01 ];
omc_error_20 = [ 9.506918e-03 ; 8.381629e-03 ; 1.884860e-02 ];
Tc_error_20  = [ 4.028522e-03 ; 3.845380e-03 ; 3.994166e-03 ];

%-- Image #21:
omc_21 = [ 2.241256e+00 ; 1.882337e+00 ; -7.436471e-01 ];
Tc_21  = [ -1.355634e-01 ; -4.914160e-02 ; 5.027442e-01 ];
omc_error_21 = [ 6.610779e-03 ; 8.683138e-03 ; 1.480569e-02 ];
Tc_error_21  = [ 4.136989e-03 ; 3.988383e-03 ; 3.902594e-03 ];

%-- Image #22:
omc_22 = [ -1.899860e+00 ; -1.984624e+00 ; -2.525102e-01 ];
Tc_22  = [ -1.078551e-01 ; -6.294372e-02 ; 4.469256e-01 ];
omc_error_22 = [ 7.067485e-03 ; 8.766132e-03 ; 1.471946e-02 ];
Tc_error_22  = [ 3.660889e-03 ; 3.529638e-03 ; 4.053552e-03 ];

%-- Image #23:
omc_23 = [ 1.880709e+00 ; 1.886007e+00 ; -5.852163e-01 ];
Tc_23  = [ -1.080926e-01 ; -4.507386e-02 ; 5.068883e-01 ];
omc_error_23 = [ 6.406437e-03 ; 8.381508e-03 ; 1.319486e-02 ];
Tc_error_23  = [ 4.142645e-03 ; 3.982763e-03 ; 3.989433e-03 ];

%-- Image #24:
